4556
3232
2603
2957
274
2228
3519
2730
1512
3917
2980
1083
4933
1948
2779
2991
861
2586
3118
2875
2566
4288
1869
459
2694
4928
4428
1006
2423
1872
4125
4749
351
159
1763
3909
870
3140
695
2694
2449
3336
3235
3844
4122
4158
998
906
922
2653
2822
1488
3590
4263
4326
4995
1354
1707
500
3259
1655
2354
3175
1393
54
2605
463
2009
1884
2564
4249
3542
4484
4977
4454
1931
1209
462
2751
3117
3790
213
1942
2986
3049
1661
2522
2279
561
2484
667
1983
4423
2545
4342
976
2204
4079
2552
4184
2563
1250
870
2027
1757
592
1107
1172
251
2543
401
2211
4519
3609
2886
1043
1185
4484
351
2926
1533
226
3119
3192
2767
2829
3780
2582
4878
357
4905
2164
3449
1031
177
1145
4923
3340
3012
4589
3154
4069
1071
3850
1680
1137
3452
975
4239
2455
1834
2416
3254
4678
4301
1200
4417
4076
2142
4373
510
2447
1596
937
989
1957
3186
3005
4683
3148
494
2082
3653
6
2635
2631
4238
254
3707
37
3504
1190
4102
4261
4853
2458
1690
622
1743
2197
4752
2180
703
2257
1037
1601
394
1490
2378
3867
4534
1568
3503
387
1363
4419
4904
2954
4558
163
4358
3278
2299
134
332
2939
1176
4746
1414
2343
4287
4883
1237
3222
430
4980
596
4877
4706
1587
1702
3263
624
3426
574
957
4800
3359
2123
3571
4198
4655
932
2096
2547
499
3252
4290
2951
4998
2787
996
2229
554
3440
272
1328
1749
3912
4860
2318
958
3492
110
2888
2567
360
70
3025
745
961
3140
2080
1347
4487
4756
2797
4835
3676
3017
2514
2352
3291
3733
2153
1863
4683
4784
42
242
954
3041
1215
4370
2936
4995
551
2021
4164
4576
2561
4167
805
4704
2698
4203
424
888
679
3000
3388
1823
791
4985
336
3136
2202
4446
4615
3355
2837
4945
1899
4473
831
66
1667
641
4545
731
4903
4750
2323
3888
954
4831
3071
776
1204
1015
4251
62
4396
4316
355
1202
3203
2942
494
4143
668
861
1910
3289
1567
953
1778
4339
4901
399
4170
52
3864
271
677
1251
2211
892
1489
210
1919
1434
1782
858
3176
4168
3226
1069
929
326
4693
1929
163
2077
773
4694
3933
4086
1148
2685
1916
1410
2987
2819
2053
1827
1995
267
1141
1512
3253
1417
2852
3001
1229
4199
1960
3949
555
4937
2464
2863
3609
2354
1124
4614
667
4168
2785
396
360
4304
3818
3300
1282
724
770
4729
644
875
4993
3472
555
4716
3129
4525
293
471
970
4479
4799
1048
1765
3431
3616
1249
164
2323
3299
3971
2184
530
4384
2964
3155
1171
4675
1839
1031
3625
4974
1385
3764
1356
4517
346
3447
1248
781
2374
1936
4280
4191
4762
2096
154
1160
2108
3180
3450
1288
2599
2606
4887
777
4571
3403
2008
3078
1325
2557
363
4663
3509
126
3331
4971
506
2892
4243
4722
903
2892
504
4386
3862
2703
3264
3700
4729
24
1334
3371
1145
4178
2446
3933
1614
2056
3798
669
3983
440
4914
992
1024
3484
601
2988
3610
4818
1099
1056
2315
2170
2187
4745
734
3657
1648
91
4425
2330
4254
4699
2479
3315
1487
3673
1951
924
571
4342
3798
4638
2756
738
3890
2853
3606
3690
313
2820
2719
2494
4935
4908
4961
599
1709
1110
3492
3044
3436
2276
3458
3006
3845
3114
3315
1590
4918
2952
2596
1095
4711
395
2632
4604
618
3512
190
591
147
3579
2629
1356
1416
2765
862
457
3968
1537
4088
4567
4177
3942
3938
4818
1796
3969
4664
1701
4953
2815
1229
4568
3534
2790
1352
2642
4932
1226
3939
1436
4681
668
2182
3963
2391
957
2224
779
272
3365
1322
3348
1782
4642
302
3914
991
2111
1618
1373
1715
4823
4857
4267
315
2382
4415
3715
2702
1296
1239
1872
1203
4015
1103
3263
672
4945
1086
2832
2014
1551
974
1701
4051
1944
673
718
1158
685
4340
799
1581
4202
4475
4140
2381
4715
2061
4830
1402
2193
2165
1613
1761
917
3294
4808
1205
1479
2480
2982
3711
14
52
2251
2951
4311
2128
2845
4281
2004
4943
4470
2242
342
1579
3882
3136
612
270
4422
3016
2705
516
2266
4670
4950
1576
2269
2312
4895
1633
3003
4455
3672
1745
4635
3997
1893
1530
1584
3032
564
3682
4460
2435
3502
3930
1671
4592
4751
4701
3404
3853
495
1428
4205
3458
678
3962
3391
1176
2697
4305
4113
3675
3128
4866
1780
4346
2358
2816
1178
370
3141
1537
1599
4505
1393
3290
1589
2512
2834
4207
360
912
1642
4533
1998
2214
2726
3809
1698
2682
149
4012
4768
939
895
1187
3468
1486
4149
4351
402
3831
1484
681
2711
4015
1617
1377
2388
4211
3753
4254
2989
75
4617
789
1810
990
2331
3193
399
1121
4174
2584
206
4052
6
3199
2450
3385
3730
3454
822
4671
2612
3386
3930
4361
2314
2686
2947
1988
3968
2562
2473
4670
2168
893
996
1523
4307
4223
3133
1692
1194
4108
1263
4492
4934
3309
3313
3849
562
1202
4064
3496
312
1441
40
4411
4613
3939
532
233
743
277
1112
4897
3210
814
2848
637
511
3918
4936
1160
1209
1092
3616
4759
492
2286
1345
4162
2170
4559
3048
983
478
14
4219
93
1712
1427
2662
3817
1156
4710
1318
3429
2182
3351
330
3664
2926
4726
3796
4665
522
4150
1479
1092
1483
4624
1974
3770
4707
3812
331
2134
202
833
253
38
1236
1551
3397
1280
482
2201
4097
1289
4860
4385
3241
58
2580
978
4906
4437
4007
1546
899
4845
4022
24
1294
1505
3485
147
426
1465
2789
4269
2746
1699
4920
825
63
4657
3293
1066
4406
1694
4327
4947
887
4061
4181
3872
3423
1492
26
1375
3039
3536
2582
3649
4965
1854
4417
3552
2766
568
2745
4687
1970
1741
3268
1636
259
734
4296
2232
644
4038
3140
1131
804
4032
3268
3275
2716
908
4555
689
1573
1101
1199
159
2427
756
1204
1884
2692
4058
4312
3954
1384
3620
4850
2192
2213
4267
1747
1314
3144
3866
3201
3450
3741
4918
4047
816
4092
2281
87
486
651
662
1496
4948
2797
3410
1766
4517
3694
2677
2876
1380
4835
2363
1016
1803
3250
2610
715
3706
1503
2999
3457
4493
2100
4810
1348
3738
4761
4691
4131
2536
4843
1705
430
4101
2526
2129
4694
1949
2805
1765
1113
4265
2308
3048
1011
370
1518
1745
895
1037
242
2262
4873
3229
4794
4973
4010
2124
698
3128
1871
3713
383
1844
4155
4985
3038
2257
2701
4779
4024
3311
1174
472
1934
3996
535
3010
2522
1733
3250
3250
4024
4866
1516
2840
3846
3909
4915
3454
4531
4083
4527
1212
1583
1800
1557
4996
4791
70
4120
2709
8
4675
1123
2246
3691
3922
4914
2007
4416
4341
3198
144
4459
4504
1936
4086
807
4660
2475
1833
3103
3288
2897
3673
1417
3708
4665
262
3398
2163
1535
2175
3184
4076
2507
1471
1723
3037
1577
2381
2268
2782
4847
4479
912
3374
2097
1419
176
3676
1919
3619
3857
3832
4730
2077
2633
670
784
885
4125
4391
3432
2736
4197
2480
4127
1238
3604
4453
806
4466
4737
4476
1496
285
53
3111
2456
1863
4617
4155
4759
68
1216
2517
2324
2129
1488
1629
4146
2491
4005
3445
2243
3401
4994
293
2533
4149
1089
4405
4921
343
2377
1952
4522
2815
3461
2821
2037
4093
4271
2037
430
4162
439
3470
605
4061
3675
92
3901
4077
2233
4976
4076
4591
4117
4665
3837
4444
2169
3489
2326
1187
317
1002
1049
3087
1452
2473
1859
2738
1369
2677
4414
1256
2433
3255
1436
4149
1839
3661
2217
1108
3240
724
1289
4704
2431
2404
2765
761
3499
2818
1636
264
2289
3795
4641
4390
3392
1764
538
4093
2321
2921
1393
2002
3010
697
2030
2342
3384
4362
3656
3754
4280
1684
3334
2567
1565
58
4743
2153
3749
3823
3626
1374
4738
867
2182
1374
2826
2515
1478
1932
622
2765
1006
762
653
478
4946
3837
3167
4379
4837
3212
1694
385
2093
4358
3593
1637
4834
724
413
4216
168
3810
2937
3838
2452
384
1420
3466
4658
647
2009
1055
891
1881
551
4232
5
1120
1423
3207
578
4598
2014
4912
4485
1861
3688
511
606
3653
1550
1224
3487
857
1344
3282
1151
2646
4235
1606
2337
2036
565
1953
4093
560
4543
4011
4017
4149
3675
3784
2540
2573
3417
3625
108
533
4929
2218
4026
1749
4765
4981
1102
4014
2740
3351
4947
3517
4672
1233
2708
643
2615
2575
3660
960
4864
2043
2202
776
1536
2954
4667
2840
1530
4315
1850
2143
2822
4888
2176
3304
2965
830
1030
3014
1407
2573
479
985
4444
1130
1054
1147
791
2748
3919
1641
971
1500
527
104
1814
1014
3694
4196
84
1950
4130
791
4546
479
2358
3389
3447
4000
2693
1442
4961
2780
2143
2440
1569
4584
4525
104
4597
1371
3622
639
1009
2365
4383
4349
1952
570
4257
4308
234
4760
1213
2295
1787
3280
1467
2570
3387
1854
3154
2166
2555
4884
1276
39
427
966
3376
2431
2672
105
2130
3383
4523
3858
1313
878
3220
4524
942
2129
1319
2254
4031
4435
1016
3843
2086
4178
3471
4802
4342
1969
2759
4723
2526
1784
536
4177
4813
714
1759
879
4150
3742
2152
4820
1978
252
4407
420
3454
3787
3208
2915
3103
2515
26
3735
3929
2449
1049
4484
918
933
4551
2213
2968
225
3123
1865
1167
1878
1832
1430
229
4964
4361
665
4400
1606
3950
4623
2895
4220
412
2643
284
770
2160
566
3021
620
1242
1950
4993
3272
4121
1128
3670
1399
3278
1780
588
2352
4220
2605
1086
3177
1387
3975
1436
1209
2557
3833
1326
1393
4249
1203
447
1581
4501
2585
1194
3177
3381
3572
3081
2183
3126
3446
1980
1770
3899
2278
1275
4613
526
1724
51
1316
3375
113
974
3548
2042
1906
3210
945
3142
713
2021
4944
734
1750
3551
1963
4898
2915
4232
3606
4680
2566
4808
1158
370
4646
419
2772
1067
2707
1353
4200
2979
396
2385
2148
4554
4736
1329
1538
2371
526
517
1113
1849
3454
2464
1195
4175
1766
4675
1661
2990
260
1287
2469
266
2559
3406
1855
3358
4482
1190
2464
4958
4691
3000
2590
3898
4502
4570
3121
1107
51
977
2616
4822
616
863
1930
587
947
1197
4705
2163
2644
126
4110
1465
4201
2927
3771
1018
3168
4435
598
2767
4231
1946
129
2383
3744
4679
212
2344
3060
4779
1697
444
937
301
318
3580
969
3890
1958
2473
1947
4978
3775
2849
4351
3955
1880
4219
4246
3455
189
2580
3174
3113
1910
1625
1761
2276
4802
3407
3265
3378
218
14
3141
2895
3360
361
4612
4418
3386
600
3379
2902
4998
2989
1680
2733
2102
1904
1547
2707
2459
3664
3730
915
124
1466
584
783
3884
1610
2160
4496
4780
1868
4329
758
1727
2758
407
2196
1059
3453
4185
1372
4290
2400
4591
4178
3122
3262
2286
66
4439
1890
2104
55
3146
2370
4045
706
1339
3264
1723
2147
1256
1877
1809
2221
2260
3184
999
3181
603
2998
3280
4199
3535
4465
136
2476
2286
3186
1492
3530
1226
4153
3276
1590
3652
4010
897
2599
1483
1848
3508
4845
1185
3211
2147
1080
1005
1044
3372
2934
4293
1332
2119
208
931
2763
2928
624
1665
3828
3189
672
3084
4675
4565
330
728
3864
2297
3986
1801
3335
3483
3480
897
1566
4862
2354
585
2496
4341
4932
2404
1661
616
3764
1323
590
138
3911
334
3742
4039
3940
1693
4422
2216
1987
238
4217
2580
4644
1447
3185
2492
2450
1091
2698
984
1848
2160
104
4098
270
1128
2968
3099
4832
4010
4063
2323
4153
502
1002
1005
1006
1006
1009
1011
1014
1015
1016
1016
1018
1024
1030
1031
1031
1037
1037
104
104
104
1043
1044
1048
1049
1049
105
1054
1055
1056
1059
1066
1067
1069
1071
108
1080
1083
1086
1086
1089
1091
1092
1092
1095
1099
110
1101
1102
1103
1107
1107
1108
1110
1112
1113
1113
1120
1121
1123
1124
1128
1128
113
1130
1131
1137
1141
1145
1145
1147
1148
1151
1156
1158
1158
1160
1160
1167
1171
1172
1174
1176
1176
1178
1185
1185
1187
1187
1190
1190
1194
1194
1195
1197
1199
1200
1202
1202
1203
1203
1204
1204
1205
1209
1209
1209
1212
1213
1215
1216
1224
1226
1226
1229
1229
1233
1236
1237
1238
1239
124
1242
1248
1249
1250
1251
1256
1256
126
126
1263
1275
1276
1280
1282
1287
1288
1289
1289
129
1294
1296
1313
1314
1316
1318
1319
1322
1323
1325
1326
1328
1329
1332
1334
1339
134
1344
1345
1347
1348
1352
1353
1354
1356
1356
136
1363
1369
1371
1372
1373
1374
1374
1375
1377
138
1380
1384
1385
1387
1393
1393
1393
1393
1399
14
14
14
1402
1407
1410
1414
1416
1417
1417
1419
1420
1423
1427
1428
1430
1434
1436
1436
1436
144
1441
1442
1447
1452
1465
1465
1466
1467
147
147
1471
1478
1479
1479
1483
1483
1484
1486
1487
1488
1488
1489
149
1490
1492
1492
1496
1496
1500
1503
1505
1512
1512
1516
1518
1523
1530
1530
1533
1535
1536
1537
1537
1538
154
1546
1547
1550
1551
1551
1557
1565
1566
1567
1568
1569
1573
1576
1577
1579
1581
1581
1583
1584
1587
1589
159
159
1590
1590
1596
1599
1601
1606
1606
1610
1613
1614
1617
1618
1625
1629
163
163
1633
1636
1636
1637
164
1641
1642
1648
1655
1661
1661
1661
1665
1667
1671
168
1680
1680
1684
1690
1692
1693
1694
1694
1697
1698
1699
1701
1701
1702
1705
1707
1709
1712
1715
1723
1723
1724
1727
1733
1741
1743
1745
1745
1747
1749
1749
1750
1757
1759
176
1761
1761
1763
1764
1765
1765
1766
1766
177
1770
1778
1780
1780
1782
1782
1784
1787
1796
1800
1801
1803
1809
1810
1814
1823
1827
1832
1833
1834
1839
1839
1844
1848
1848
1849
1850
1854
1854
1855
1859
1861
1863
1863
1865
1868
1869
1871
1872
1872
1877
1878
1880
1881
1884
1884
189
1890
1893
1899
190
1904
1906
1910
1910
1916
1919
1919
1929
1930
1931
1932
1934
1936
1936
1942
1944
1946
1947
1948
1949
1950
1950
1951
1952
1952
1953
1957
1958
1960
1963
1969
1970
1974
1978
1980
1983
1987
1988
1995
1998
2002
2004
2007
2008
2009
2009
2014
2014
202
2021
2021
2027
2030
2036
2037
2037
2042
2043
2053
2056
206
2061
2077
2077
208
2080
2082
2086
2093
2096
2096
2097
210
2100
2102
2104
2108
2111
2119
212
2123
2124
2128
2129
2129
2129
213
2130
2134
2142
2143
2143
2147
2147
2148
2152
2153
2153
2160
2160
2160
2163
2163
2164
2165
2166
2168
2169
2170
2170
2175
2176
218
2180
2182
2182
2182
2183
2184
2187
2192
2193
2196
2197
2201
2202
2202
2204
2211
2211
2213
2213
2214
2216
2217
2218
2221
2224
2228
2229
2232
2233
2242
2243
2246
225
2251
2254
2257
2257
226
2260
2262
2266
2268
2269
2276
2276
2278
2279
2281
2286
2286
2286
2289
229
2295
2297
2299
2308
2312
2314
2315
2318
2321
2323
2323
2323
2324
2326
233
2330
2331
2337
234
2342
2343
2344
2352
2352
2354
2354
2354
2358
2358
2363
2365
2370
2371
2374
2377
2378
238
2381
2381
2382
2383
2385
2388
2391
24
24
2400
2404
2404
2416
242
242
2423
2427
2431
2431
2433
2435
2440
2446
2447
2449
2449
2450
2450
2452
2455
2456
2458
2459
2464
2464
2464
2469
2473
2473
2473
2475
2476
2479
2480
2480
2484
2491
2492
2494
2496
2507
251
2512
2514
2515
2515
2517
252
2522
2522
2526
2526
253
2533
2536
254
2540
2543
2545
2547
2552
2555
2557
2557
2559
2561
2562
2563
2564
2566
2566
2567
2567
2570
2573
2573
2575
2580
2580
2580
2582
2582
2584
2585
2586
259
2590
2596
2599
2599
26
26
260
2603
2605
2605
2606
2610
2612
2615
2616
262
2629
2631
2632
2633
2635
264
2642
2643
2644
2646
2653
266
2662
267
2672
2677
2677
2682
2685
2686
2692
2693
2694
2694
2697
2698
2698
270
270
2701
2702
2703
2705
2707
2707
2708
2709
271
2711
2716
2719
272
272
2726
2730
2733
2736
2738
274
2740
2745
2746
2748
2751
2756
2758
2759
2763
2765
2765
2765
2766
2767
2767
277
2772
2779
2780
2782
2785
2787
2789
2790
2797
2797
2805
2815
2815
2816
2818
2819
2820
2821
2822
2822
2826
2829
2832
2834
2837
284
2840
2840
2845
2848
2849
285
2852
2853
2863
2875
2876
2886
2888
2892
2892
2895
2895
2897
2902
2915
2915
2921
2926
2926
2927
2928
293
293
2934
2936
2937
2939
2942
2947
2951
2951
2952
2954
2954
2957
2964
2965
2968
2968
2979
2980
2982
2986
2987
2988
2989
2989
2990
2991
2998
2999
3000
3000
3001
3003
3005
3006
301
3010
3010
3012
3014
3016
3017
302
3021
3025
3032
3037
3038
3039
3041
3044
3048
3048
3049
3060
3071
3078
3081
3084
3087
3099
3103
3103
3111
3113
3114
3117
3118
3119
312
3121
3122
3123
3126
3128
3128
3129
313
3133
3136
3136
3140
3140
3140
3141
3141
3142
3144
3146
3148
315
3154
3154
3155
3167
3168
317
3174
3175
3176
3177
3177
318
3180
3181
3184
3184
3185
3186
3186
3189
3192
3193
3198
3199
3201
3203
3207
3208
3210
3210
3211
3212
3220
3222
3226
3229
3232
3235
3240
3241
3250
3250
3250
3252
3253
3254
3255
3259
326
3262
3263
3263
3264
3264
3265
3268
3268
3272
3275
3276
3278
3278
3280
3280
3282
3288
3289
3290
3291
3293
3294
3299
330
330
3300
3304
3309
331
3311
3313
3315
3315
332
3331
3334
3335
3336
334
3340
3348
3351
3351
3355
3358
3359
336
3360
3365
3371
3372
3374
3375
3376
3378
3379
3381
3383
3384
3385
3386
3386
3387
3388
3389
3391
3392
3397
3398
3401
3403
3404
3406
3407
3410
3417
342
3423
3426
3429
343
3431
3432
3436
3440
3445
3446
3447
3447
3449
3450
3450
3452
3453
3454
3454
3454
3454
3455
3457
3458
3458
346
3461
3466
3468
3470
3471
3472
3480
3483
3484
3485
3487
3489
3492
3492
3496
3499
3502
3503
3504
3508
3509
351
351
3512
3517
3519
3530
3534
3535
3536
3542
3548
355
3551
3552
357
3571
3572
3579
3580
3590
3593
360
360
360
3604
3606
3606
3609
3609
361
3610
3616
3616
3619
3620
3622
3625
3625
3626
363
3649
3652
3653
3653
3656
3657
3660
3661
3664
3664
3670
3672
3673
3673
3675
3675
3675
3676
3676
3682
3688
3690
3691
3694
3694
37
370
370
370
3700
3706
3707
3708
3711
3713
3715
3730
3730
3733
3735
3738
3741
3742
3742
3744
3749
3753
3754
3764
3764
3770
3771
3775
3780
3784
3787
3790
3795
3796
3798
3798
38
3809
3810
3812
3817
3818
3823
3828
383
3831
3832
3833
3837
3837
3838
384
3843
3844
3845
3846
3849
385
3850
3853
3857
3858
3862
3864
3864
3866
3867
387
3872
3882
3884
3888
3890
3890
3898
3899
39
3901
3909
3909
3911
3912
3914
3917
3918
3919
3922
3929
3930
3930
3933
3933
3938
3939
3939
394
3940
3942
3949
395
3950
3954
3955
396
396
3962
3963
3968
3968
3969
3971
3975
3983
3986
399
399
3996
3997
40
4000
4005
4007
401
4010
4010
4010
4011
4012
4014
4015
4015
4017
402
4022
4024
4024
4026
4031
4032
4038
4039
4045
4047
4051
4052
4058
4061
4061
4063
4064
4069
407
4076
4076
4076
4077
4079
4083
4086
4086
4088
4092
4093
4093
4093
4097
4098
4101
4102
4108
4110
4113
4117
412
4120
4121
4122
4125
4125
4127
413
4130
4131
4140
4143
4146
4149
4149
4149
4149
4150
4150
4153
4153
4155
4155
4158
4162
4162
4164
4167
4168
4168
4170
4174
4175
4177
4177
4178
4178
4178
4181
4184
4185
419
4191
4196
4197
4198
4199
4199
42
420
4200
4201
4202
4203
4205
4207
4211
4216
4217
4219
4219
4220
4220
4223
4231
4232
4232
4235
4238
4239
424
4243
4246
4249
4249
4251
4254
4254
4257
426
4261
4263
4265
4267
4267
4269
427
4271
4280
4280
4281
4287
4288
4290
4290
4293
4296
430
430
430
4301
4304
4305
4307
4308
4311
4312
4315
4316
4326
4327
4329
4339
4340
4341
4341
4342
4342
4342
4346
4349
4351
4351
4358
4358
4361
4361
4362
4370
4373
4379
4383
4384
4385
4386
439
4390
4391
4396
440
4400
4405
4406
4407
4411
4414
4415
4416
4417
4417
4418
4419
4422
4422
4423
4425
4428
4435
4435
4437
4439
444
4444
4444
4446
4453
4454
4455
4459
4460
4465
4466
447
4470
4473
4475
4476
4479
4479
4482
4484
4484
4484
4485
4487
4492
4493
4496
4501
4502
4504
4505
4517
4517
4519
4522
4523
4524
4525
4525
4527
4531
4533
4534
4543
4545
4546
4551
4554
4555
4556
4558
4559
4565
4567
4568
457
4570
4571
4576
4584
4589
459
4591
4591
4592
4597
4598
4604
4612
4613
4613
4614
4615
4617
4617
462
4623
4624
463
4635
4638
4641
4642
4644
4646
4655
4657
4658
4660
4663
4664
4665
4665
4665
4667
4670
4670
4671
4672
4675
4675
4675
4675
4678
4679
4680
4681
4683
4683
4687
4691
4691
4693
4694
4694
4699
4701
4704
4704
4705
4706
4707
471
4710
4711
4715
4716
472
4722
4723
4726
4729
4729
4730
4736
4737
4738
4743
4745
4746
4749
4750
4751
4752
4756
4759
4759
4760
4761
4762
4765
4768
4779
4779
478
478
4780
4784
479
479
4791
4794
4799
4800
4802
4802
4808
4808
4810
4813
4818
4818
482
4820
4822
4823
4830
4831
4832
4834
4835
4835
4837
4843
4845
4845
4847
4850
4853
4857
486
4860
4860
4862
4864
4866
4866
4873
4877
4878
4883
4884
4887
4888
4895
4897
4898
4901
4903
4904
4905
4906
4908
4912
4914
4914
4915
4918
4918
492
4920
4921
4923
4928
4929
4932
4932
4933
4934
4935
4936
4937
494
494
4943
4944
4945
4945
4946
4947
4947
4948
495
4950
4953
4958
4961
4961
4964
4965
4971
4973
4974
4976
4977
4978
4980
4981
4985
4985
499
4993
4993
4994
4995
4995
4996
4998
4998
5
500
502
504
506
51
51
510
511
511
516
517
52
52
522
526
526
527
53
530
532
533
535
536
538
54
55
551
551
554
555
555
560
561
562
564
565
566
568
570
571
574
578
58
58
584
585
587
588
590
591
592
596
598
599
6
6
600
601
603
605
606
612
616
616
618
62
620
622
622
624
624
63
637
639
641
643
644
644
647
651
653
66
66
662
665
667
667
668
668
669
670
672
672
673
677
678
679
68
681
685
689
695
697
698
70
70
703
706
713
714
715
718
724
724
724
728
731
734
734
734
738
743
745
75
756
758
761
762
770
770
773
776
776
777
779
781
783
784
789
791
791
791
799
8
804
805
806
807
814
816
822
825
830
831
833
84
857
858
861
861
862
863
867
87
870
870
875
878
879
885
887
888
891
892
893
895
895
897
897
899
903
906
908
91
912
912
915
917
918
92
922
924
929
93
931
932
933
937
937
939
942
945
947
953
954
954
957
957
958
960
961
966
969
970
971
974
974
975
976
977
978
983
984
985
989
990
991
992
996
996
998
999
