5
5
6
6
6
6
8
8
14
14
14
14
14
14
24
24
24
24
26
26
26
26
37
37
38
38
39
39
40
40
42
42
51
51
51
51
52
52
52
52
53
53
54
54
55
55
58
58
58
58
62
62
63
63
66
66
66
66
68
68
70
70
70
70
75
75
84
84
87
87
91
91
92
92
93
93
104
104
104
104
104
104
105
105
108
108
110
110
113
113
124
124
126
126
126
126
129
129
134
134
136
136
138
138
144
144
147
147
147
147
149
149
154
154
159
159
159
159
163
163
163
163
164
164
168
168
176
176
177
177
189
189
190
190
202
202
206
206
208
208
210
210
212
212
213
213
218
218
225
225
226
226
229
229
233
233
234
234
238
238
242
242
242
242
251
251
252
252
253
253
254
254
259
259
260
260
262
262
264
264
266
266
267
267
270
270
270
270
271
271
272
272
272
272
274
274
277
277
284
284
285
285
293
293
293
293
301
301
302
302
312
312
313
313
315
315
317
317
318
318
326
326
330
330
330
330
331
331
332
332
334
334
336
336
342
342
343
343
346
346
351
351
351
351
355
355
357
357
360
360
360
360
360
360
361
361
363
363
370
370
370
370
370
370
383
383
384
384
385
385
387
387
394
394
395
395
396
396
396
396
399
399
399
399
401
401
402
402
407
407
412
412
413
413
419
419
420
420
424
424
426
426
427
427
430
430
430
430
430
430
439
439
440
440
444
444
447
447
457
457
459
459
462
462
463
463
471
471
472
472
478
478
478
478
479
479
479
479
482
482
486
486
492
492
494
494
494
494
495
495
499
499
500
500
502
502
504
504
506
506
510
510
511
511
511
511
516
516
517
517
522
522
526
526
526
526
527
527
530
530
532
532
533
533
535
535
536
536
538
538
551
551
551
551
554
554
555
555
555
555
560
560
561
561
562
562
564
564
565
565
566
566
568
568
570
570
571
571
574
574
578
578
584
584
585
585
587
587
588
588
590
590
591
591
592
592
596
596
598
598
599
599
600
600
601
601
603
603
605
605
606
606
612
612
616
616
616
616
618
618
620
620
622
622
622
622
624
624
624
624
637
637
639
639
641
641
643
643
644
644
644
644
647
647
651
651
653
653
662
662
665
665
667
667
667
667
668
668
668
668
669
669
670
670
672
672
672
672
673
673
677
677
678
678
679
679
681
681
685
685
689
689
695
695
697
697
698
698
703
703
706
706
713
713
714
714
715
715
718
718
724
724
724
724
724
724
728
728
731
731
734
734
734
734
734
734
738
738
743
743
745
745
756
756
758
758
761
761
762
762
770
770
770
770
773
773
776
776
776
776
777
777
779
779
781
781
783
783
784
784
789
789
791
791
791
791
791
791
799
799
804
804
805
805
806
806
807
807
814
814
816
816
822
822
825
825
830
830
831
831
833
833
857
857
858
858
861
861
861
861
862
862
863
863
867
867
870
870
870
870
875
875
878
878
879
879
885
885
887
887
888
888
891
891
892
892
893
893
895
895
895
895
897
897
897
897
899
899
903
903
906
906
908
908
912
912
912
912
915
915
917
917
918
918
922
922
924
924
929
929
931
931
932
932
933
933
937
937
937
937
939
939
942
942
945
945
947
947
953
953
954
954
954
954
957
957
957
957
958
958
960
960
961
961
966
966
969
969
970
970
971
971
974
974
974
974
975
975
976
976
977
977
978
978
983
983
984
984
985
985
989
989
990
990
991
991
992
992
996
996
996
996
998
998
999
999
1002
1002
1005
1005
1006
1006
1006
1006
1009
1009
1011
1011
1014
1014
1015
1015
1016
1016
1016
1016
1018
1018
1024
1024
1030
1030
1031
1031
1031
1031
1037
1037
1037
1037
1043
1043
1044
1044
1048
1048
1049
1049
1049
1049
1054
1054
1055
1055
1056
1056
1059
1059
1066
1066
1067
1067
1069
1069
1071
1071
1080
1080
1083
1083
1086
1086
1086
1086
1089
1089
1091
1091
1092
1092
1092
1092
1095
1095
1099
1099
1101
1101
1102
1102
1103
1103
1107
1107
1107
1107
1108
1108
1110
1110
1112
1112
1113
1113
1113
1113
1120
1120
1121
1121
1123
1123
1124
1124
1128
1128
1128
1128
1130
1130
1131
1131
1137
1137
1141
1141
1145
1145
1145
1145
1147
1147
1148
1148
1151
1151
1156
1156
1158
1158
1158
1158
1160
1160
1160
1160
1167
1167
1171
1171
1172
1172
1174
1174
1176
1176
1176
1176
1178
1178
1185
1185
1185
1185
1187
1187
1187
1187
1190
1190
1190
1190
1194
1194
1194
1194
1195
1195
1197
1197
1199
1199
1200
1200
1202
1202
1202
1202
1203
1203
1203
1203
1204
1204
1204
1204
1205
1205
1209
1209
1209
1209
1209
1209
1212
1212
1213
1213
1215
1215
1216
1216
1224
1224
1226
1226
1226
1226
1229
1229
1229
1229
1233
1233
1236
1236
1237
1237
1238
1238
1239
1239
1242
1242
1248
1248
1249
1249
1250
1250
1251
1251
1256
1256
1256
1256
1263
1263
1275
1275
1276
1276
1280
1280
1282
1282
1287
1287
1288
1288
1289
1289
1289
1289
1294
1294
1296
1296
1313
1313
1314
1314
1316
1316
1318
1318
1319
1319
1322
1322
1323
1323
1325
1325
1326
1326
1328
1328
1329
1329
1332
1332
1334
1334
1339
1339
1344
1344
1345
1345
1347
1347
1348
1348
1352
1352
1353
1353
1354
1354
1356
1356
1356
1356
1363
1363
1369
1369
1371
1371
1372
1372
1373
1373
1374
1374
1374
1374
1375
1375
1377
1377
1380
1380
1384
1384
1385
1385
1387
1387
1393
1393
1393
1393
1393
1393
1393
1393
1399
1399
1402
1402
1407
1407
1410
1410
1414
1414
1416
1416
1417
1417
1417
1417
1419
1419
1420
1420
1423
1423
1427
1427
1428
1428
1430
1430
1434
1434
1436
1436
1436
1436
1436
1436
1441
1441
1442
1442
1447
1447
1452
1452
1465
1465
1465
1465
1466
1466
1467
1467
1471
1471
1478
1478
1479
1479
1479
1479
1483
1483
1483
1483
1484
1484
1486
1486
1487
1487
1488
1488
1488
1488
1489
1489
1490
1490
1492
1492
1492
1492
1496
1496
1496
1496
1500
1500
1503
1503
1505
1505
1512
1512
1512
1512
1516
1516
1518
1518
1523
1523
1530
1530
1530
1530
1533
1533
1535
1535
1536
1536
1537
1537
1537
1537
1538
1538
1546
1546
1547
1547
1550
1550
1551
1551
1551
1551
1557
1557
1565
1565
1566
1566
1567
1567
1568
1568
1569
1569
1573
1573
1576
1576
1577
1577
1579
1579
1581
1581
1581
1581
1583
1583
1584
1584
1587
1587
1589
1589
1590
1590
1590
1590
1596
1596
1599
1599
1601
1601
1606
1606
1606
1606
1610
1610
1613
1613
1614
1614
1617
1617
1618
1618
1625
1625
1629
1629
1633
1633
1636
1636
1636
1636
1637
1637
1641
1641
1642
1642
1648
1648
1655
1655
1661
1661
1661
1661
1661
1661
1665
1665
1667
1667
1671
1671
1680
1680
1680
1680
1684
1684
1690
1690
1692
1692
1693
1693
1694
1694
1694
1694
1697
1697
1698
1698
1699
1699
1701
1701
1701
1701
1702
1702
1705
1705
1707
1707
1709
1709
1712
1712
1715
1715
1723
1723
1723
1723
1724
1724
1727
1727
1733
1733
1741
1741
1743
1743
1745
1745
1745
1745
1747
1747
1749
1749
1749
1749
1750
1750
1757
1757
1759
1759
1761
1761
1761
1761
1763
1763
1764
1764
1765
1765
1765
1765
1766
1766
1766
1766
1770
1770
1778
1778
1780
1780
1780
1780
1782
1782
1782
1782
1784
1784
1787
1787
1796
1796
1800
1800
1801
1801
1803
1803
1809
1809
1810
1810
1814
1814
1823
1823
1827
1827
1832
1832
1833
1833
1834
1834
1839
1839
1839
1839
1844
1844
1848
1848
1848
1848
1849
1849
1850
1850
1854
1854
1854
1854
1855
1855
1859
1859
1861
1861
1863
1863
1863
1863
1865
1865
1868
1868
1869
1869
1871
1871
1872
1872
1872
1872
1877
1877
1878
1878
1880
1880
1881
1881
1884
1884
1884
1884
1890
1890
1893
1893
1899
1899
1904
1904
1906
1906
1910
1910
1910
1910
1916
1916
1919
1919
1919
1919
1929
1929
1930
1930
1931
1931
1932
1932
1934
1934
1936
1936
1936
1936
1942
1942
1944
1944
1946
1946
1947
1947
1948
1948
1949
1949
1950
1950
1950
1950
1951
1951
1952
1952
1952
1952
1953
1953
1957
1957
1958
1958
1960
1960
1963
1963
1969
1969
1970
1970
1974
1974
1978
1978
1980
1980
1983
1983
1987
1987
1988
1988
1995
1995
1998
1998
2002
2002
2004
2004
2007
2007
2008
2008
2009
2009
2009
2009
2014
2014
2014
2014
2021
2021
2021
2021
2027
2027
2030
2030
2036
2036
2037
2037
2037
2037
2042
2042
2043
2043
2053
2053
2056
2056
2061
2061
2077
2077
2077
2077
2080
2080
2082
2082
2086
2086
2093
2093
2096
2096
2096
2096
2097
2097
2100
2100
2102
2102
2104
2104
2108
2108
2111
2111
2119
2119
2123
2123
2124
2124
2128
2128
2129
2129
2129
2129
2129
2129
2130
2130
2134
2134
2142
2142
2143
2143
2143
2143
2147
2147
2147
2147
2148
2148
2152
2152
2153
2153
2153
2153
2160
2160
2160
2160
2160
2160
2163
2163
2163
2163
2164
2164
2165
2165
2166
2166
2168
2168
2169
2169
2170
2170
2170
2170
2175
2175
2176
2176
2180
2180
2182
2182
2182
2182
2182
2182
2183
2183
2184
2184
2187
2187
2192
2192
2193
2193
2196
2196
2197
2197
2201
2201
2202
2202
2202
2202
2204
2204
2211
2211
2211
2211
2213
2213
2213
2213
2214
2214
2216
2216
2217
2217
2218
2218
2221
2221
2224
2224
2228
2228
2229
2229
2232
2232
2233
2233
2242
2242
2243
2243
2246
2246
2251
2251
2254
2254
2257
2257
2257
2257
2260
2260
2262
2262
2266
2266
2268
2268
2269
2269
2276
2276
2276
2276
2278
2278
2279
2279
2281
2281
2286
2286
2286
2286
2286
2286
2289
2289
2295
2295
2297
2297
2299
2299
2308
2308
2312
2312
2314
2314
2315
2315
2318
2318
2321
2321
2323
2323
2323
2323
2323
2323
2324
2324
2326
2326
2330
2330
2331
2331
2337
2337
2342
2342
2343
2343
2344
2344
2352
2352
2352
2352
2354
2354
2354
2354
2354
2354
2358
2358
2358
2358
2363
2363
2365
2365
2370
2370
2371
2371
2374
2374
2377
2377
2378
2378
2381
2381
2381
2381
2382
2382
2383
2383
2385
2385
2388
2388
2391
2391
2400
2400
2404
2404
2404
2404
2416
2416
2423
2423
2427
2427
2431
2431
2431
2431
2433
2433
2435
2435
2440
2440
2446
2446
2447
2447
2449
2449
2449
2449
2450
2450
2450
2450
2452
2452
2455
2455
2456
2456
2458
2458
2459
2459
2464
2464
2464
2464
2464
2464
2469
2469
2473
2473
2473
2473
2473
2473
2475
2475
2476
2476
2479
2479
2480
2480
2480
2480
2484
2484
2491
2491
2492
2492
2494
2494
2496
2496
2507
2507
2512
2512
2514
2514
2515
2515
2515
2515
2517
2517
2522
2522
2522
2522
2526
2526
2526
2526
2533
2533
2536
2536
2540
2540
2543
2543
2545
2545
2547
2547
2552
2552
2555
2555
2557
2557
2557
2557
2559
2559
2561
2561
2562
2562
2563
2563
2564
2564
2566
2566
2566
2566
2567
2567
2567
2567
2570
2570
2573
2573
2573
2573
2575
2575
2580
2580
2580
2580
2580
2580
2582
2582
2582
2582
2584
2584
2585
2585
2586
2586
2590
2590
2596
2596
2599
2599
2599
2599
2603
2603
2605
2605
2605
2605
2606
2606
2610
2610
2612
2612
2615
2615
2616
2616
2629
2629
2631
2631
2632
2632
2633
2633
2635
2635
2642
2642
2643
2643
2644
2644
2646
2646
2653
2653
2662
2662
2672
2672
2677
2677
2677
2677
2682
2682
2685
2685
2686
2686
2692
2692
2693
2693
2694
2694
2694
2694
2697
2697
2698
2698
2698
2698
2701
2701
2702
2702
2703
2703
2705
2705
2707
2707
2707
2707
2708
2708
2709
2709
2711
2711
2716
2716
2719
2719
2726
2726
2730
2730
2733
2733
2736
2736
2738
2738
2740
2740
2745
2745
2746
2746
2748
2748
2751
2751
2756
2756
2758
2758
2759
2759
2763
2763
2765
2765
2765
2765
2765
2765
2766
2766
2767
2767
2767
2767
2772
2772
2779
2779
2780
2780
2782
2782
2785
2785
2787
2787
2789
2789
2790
2790
2797
2797
2797
2797
2805
2805
2815
2815
2815
2815
2816
2816
2818
2818
2819
2819
2820
2820
2821
2821
2822
2822
2822
2822
2826
2826
2829
2829
2832
2832
2834
2834
2837
2837
2840
2840
2840
2840
2845
2845
2848
2848
2849
2849
2852
2852
2853
2853
2863
2863
2875
2875
2876
2876
2886
2886
2888
2888
2892
2892
2892
2892
2895
2895
2895
2895
2897
2897
2902
2902
2915
2915
2915
2915
2921
2921
2926
2926
2926
2926
2927
2927
2928
2928
2934
2934
2936
2936
2937
2937
2939
2939
2942
2942
2947
2947
2951
2951
2951
2951
2952
2952
2954
2954
2954
2954
2957
2957
2964
2964
2965
2965
2968
2968
2968
2968
2979
2979
2980
2980
2982
2982
2986
2986
2987
2987
2988
2988
2989
2989
2989
2989
2990
2990
2991
2991
2998
2998
2999
2999
3000
3000
3000
3000
3001
3001
3003
3003
3005
3005
3006
3006
3010
3010
3010
3010
3012
3012
3014
3014
3016
3016
3017
3017
3021
3021
3025
3025
3032
3032
3037
3037
3038
3038
3039
3039
3041
3041
3044
3044
3048
3048
3048
3048
3049
3049
3060
3060
3071
3071
3078
3078
3081
3081
3084
3084
3087
3087
3099
3099
3103
3103
3103
3103
3111
3111
3113
3113
3114
3114
3117
3117
3118
3118
3119
3119
3121
3121
3122
3122
3123
3123
3126
3126
3128
3128
3128
3128
3129
3129
3133
3133
3136
3136
3136
3136
3140
3140
3140
3140
3140
3140
3141
3141
3141
3141
3142
3142
3144
3144
3146
3146
3148
3148
3154
3154
3154
3154
3155
3155
3167
3167
3168
3168
3174
3174
3175
3175
3176
3176
3177
3177
3177
3177
3180
3180
3181
3181
3184
3184
3184
3184
3185
3185
3186
3186
3186
3186
3189
3189
3192
3192
3193
3193
3198
3198
3199
3199
3201
3201
3203
3203
3207
3207
3208
3208
3210
3210
3210
3210
3211
3211
3212
3212
3220
3220
3222
3222
3226
3226
3229
3229
3232
3232
3235
3235
3240
3240
3241
3241
3250
3250
3250
3250
3250
3250
3252
3252
3253
3253
3254
3254
3255
3255
3259
3259
3262
3262
3263
3263
3263
3263
3264
3264
3264
3264
3265
3265
3268
3268
3268
3268
3272
3272
3275
3275
3276
3276
3278
3278
3278
3278
3280
3280
3280
3280
3282
3282
3288
3288
3289
3289
3290
3290
3291
3291
3293
3293
3294
3294
3299
3299
3300
3300
3304
3304
3309
3309
3311
3311
3313
3313
3315
3315
3315
3315
3331
3331
3334
3334
3335
3335
3336
3336
3340
3340
3348
3348
3351
3351
3351
3351
3355
3355
3358
3358
3359
3359
3360
3360
3365
3365
3371
3371
3372
3372
3374
3374
3375
3375
3376
3376
3378
3378
3379
3379
3381
3381
3383
3383
3384
3384
3385
3385
3386
3386
3386
3386
3387
3387
3388
3388
3389
3389
3391
3391
3392
3392
3397
3397
3398
3398
3401
3401
3403
3403
3404
3404
3406
3406
3407
3407
3410
3410
3417
3417
3423
3423
3426
3426
3429
3429
3431
3431
3432
3432
3436
3436
3440
3440
3445
3445
3446
3446
3447
3447
3447
3447
3449
3449
3450
3450
3450
3450
3452
3452
3453
3453
3454
3454
3454
3454
3454
3454
3454
3454
3455
3455
3457
3457
3458
3458
3458
3458
3461
3461
3466
3466
3468
3468
3470
3470
3471
3471
3472
3472
3480
3480
3483
3483
3484
3484
3485
3485
3487
3487
3489
3489
3492
3492
3492
3492
3496
3496
3499
3499
3502
3502
3503
3503
3504
3504
3508
3508
3509
3509
3512
3512
3517
3517
3519
3519
3530
3530
3534
3534
3535
3535
3536
3536
3542
3542
3548
3548
3551
3551
3552
3552
3571
3571
3572
3572
3579
3579
3580
3580
3590
3590
3593
3593
3604
3604
3606
3606
3606
3606
3609
3609
3609
3609
3610
3610
3616
3616
3616
3616
3619
3619
3620
3620
3622
3622
3625
3625
3625
3625
3626
3626
3649
3649
3652
3652
3653
3653
3653
3653
3656
3656
3657
3657
3660
3660
3661
3661
3664
3664
3664
3664
3670
3670
3672
3672
3673
3673
3673
3673
3675
3675
3675
3675
3675
3675
3676
3676
3676
3676
3682
3682
3688
3688
3690
3690
3691
3691
3694
3694
3694
3694
3700
3700
3706
3706
3707
3707
3708
3708
3711
3711
3713
3713
3715
3715
3730
3730
3730
3730
3733
3733
3735
3735
3738
3738
3741
3741
3742
3742
3742
3742
3744
3744
3749
3749
3753
3753
3754
3754
3764
3764
3764
3764
3770
3770
3771
3771
3775
3775
3780
3780
3784
3784
3787
3787
3790
3790
3795
3795
3796
3796
3798
3798
3798
3798
3809
3809
3810
3810
3812
3812
3817
3817
3818
3818
3823
3823
3828
3828
3831
3831
3832
3832
3833
3833
3837
3837
3837
3837
3838
3838
3843
3843
3844
3844
3845
3845
3846
3846
3849
3849
3850
3850
3853
3853
3857
3857
3858
3858
3862
3862
3864
3864
3864
3864
3866
3866
3867
3867
3872
3872
3882
3882
3884
3884
3888
3888
3890
3890
3890
3890
3898
3898
3899
3899
3901
3901
3909
3909
3909
3909
3911
3911
3912
3912
3914
3914
3917
3917
3918
3918
3919
3919
3922
3922
3929
3929
3930
3930
3930
3930
3933
3933
3933
3933
3938
3938
3939
3939
3939
3939
3940
3940
3942
3942
3949
3949
3950
3950
3954
3954
3955
3955
3962
3962
3963
3963
3968
3968
3968
3968
3969
3969
3971
3971
3975
3975
3983
3983
3986
3986
3996
3996
3997
3997
4000
4000
4005
4005
4007
4007
4010
4010
4010
4010
4010
4010
4011
4011
4012
4012
4014
4014
4015
4015
4015
4015
4017
4017
4022
4022
4024
4024
4024
4024
4026
4026
4031
4031
4032
4032
4038
4038
4039
4039
4045
4045
4047
4047
4051
4051
4052
4052
4058
4058
4061
4061
4061
4061
4063
4063
4064
4064
4069
4069
4076
4076
4076
4076
4076
4076
4077
4077
4079
4079
4083
4083
4086
4086
4086
4086
4088
4088
4092
4092
4093
4093
4093
4093
4093
4093
4097
4097
4098
4098
4101
4101
4102
4102
4108
4108
4110
4110
4113
4113
4117
4117
4120
4120
4121
4121
4122
4122
4125
4125
4125
4125
4127
4127
4130
4130
4131
4131
4140
4140
4143
4143
4146
4146
4149
4149
4149
4149
4149
4149
4149
4149
4150
4150
4150
4150
4153
4153
4153
4153
4155
4155
4155
4155
4158
4158
4162
4162
4162
4162
4164
4164
4167
4167
4168
4168
4168
4168
4170
4170
4174
4174
4175
4175
4177
4177
4177
4177
4178
4178
4178
4178
4178
4178
4181
4181
4184
4184
4185
4185
4191
4191
4196
4196
4197
4197
4198
4198
4199
4199
4199
4199
4200
4200
4201
4201
4202
4202
4203
4203
4205
4205
4207
4207
4211
4211
4216
4216
4217
4217
4219
4219
4219
4219
4220
4220
4220
4220
4223
4223
4231
4231
4232
4232
4232
4232
4235
4235
4238
4238
4239
4239
4243
4243
4246
4246
4249
4249
4249
4249
4251
4251
4254
4254
4254
4254
4257
4257
4261
4261
4263
4263
4265
4265
4267
4267
4267
4267
4269
4269
4271
4271
4280
4280
4280
4280
4281
4281
4287
4287
4288
4288
4290
4290
4290
4290
4293
4293
4296
4296
4301
4301
4304
4304
4305
4305
4307
4307
4308
4308
4311
4311
4312
4312
4315
4315
4316
4316
4326
4326
4327
4327
4329
4329
4339
4339
4340
4340
4341
4341
4341
4341
4342
4342
4342
4342
4342
4342
4346
4346
4349
4349
4351
4351
4351
4351
4358
4358
4358
4358
4361
4361
4361
4361
4362
4362
4370
4370
4373
4373
4379
4379
4383
4383
4384
4384
4385
4385
4386
4386
4390
4390
4391
4391
4396
4396
4400
4400
4405
4405
4406
4406
4407
4407
4411
4411
4414
4414
4415
4415
4416
4416
4417
4417
4417
4417
4418
4418
4419
4419
4422
4422
4422
4422
4423
4423
4425
4425
4428
4428
4435
4435
4435
4435
4437
4437
4439
4439
4444
4444
4444
4444
4446
4446
4453
4453
4454
4454
4455
4455
4459
4459
4460
4460
4465
4465
4466
4466
4470
4470
4473
4473
4475
4475
4476
4476
4479
4479
4479
4479
4482
4482
4484
4484
4484
4484
4484
4484
4485
4485
4487
4487
4492
4492
4493
4493
4496
4496
4501
4501
4502
4502
4504
4504
4505
4505
4517
4517
4517
4517
4519
4519
4522
4522
4523
4523
4524
4524
4525
4525
4525
4525
4527
4527
4531
4531
4533
4533
4534
4534
4543
4543
4545
4545
4546
4546
4551
4551
4554
4554
4555
4555
4556
4556
4558
4558
4559
4559
4565
4565
4567
4567
4568
4568
4570
4570
4571
4571
4576
4576
4584
4584
4589
4589
4591
4591
4591
4591
4592
4592
4597
4597
4598
4598
4604
4604
4612
4612
4613
4613
4613
4613
4614
4614
4615
4615
4617
4617
4617
4617
4623
4623
4624
4624
4635
4635
4638
4638
4641
4641
4642
4642
4644
4644
4646
4646
4655
4655
4657
4657
4658
4658
4660
4660
4663
4663
4664
4664
4665
4665
4665
4665
4665
4665
4667
4667
4670
4670
4670
4670
4671
4671
4672
4672
4675
4675
4675
4675
4675
4675
4675
4675
4678
4678
4679
4679
4680
4680
4681
4681
4683
4683
4683
4683
4687
4687
4691
4691
4691
4691
4693
4693
4694
4694
4694
4694
4699
4699
4701
4701
4704
4704
4704
4704
4705
4705
4706
4706
4707
4707
4710
4710
4711
4711
4715
4715
4716
4716
4722
4722
4723
4723
4726
4726
4729
4729
4729
4729
4730
4730
4736
4736
4737
4737
4738
4738
4743
4743
4745
4745
4746
4746
4749
4749
4750
4750
4751
4751
4752
4752
4756
4756
4759
4759
4759
4759
4760
4760
4761
4761
4762
4762
4765
4765
4768
4768
4779
4779
4779
4779
4780
4780
4784
4784
4791
4791
4794
4794
4799
4799
4800
4800
4802
4802
4802
4802
4808
4808
4808
4808
4810
4810
4813
4813
4818
4818
4818
4818
4820
4820
4822
4822
4823
4823
4830
4830
4831
4831
4832
4832
4834
4834
4835
4835
4835
4835
4837
4837
4843
4843
4845
4845
4845
4845
4847
4847
4850
4850
4853
4853
4857
4857
4860
4860
4860
4860
4862
4862
4864
4864
4866
4866
4866
4866
4873
4873
4877
4877
4878
4878
4883
4883
4884
4884
4887
4887
4888
4888
4895
4895
4897
4897
4898
4898
4901
4901
4903
4903
4904
4904
4905
4905
4906
4906
4908
4908
4912
4912
4914
4914
4914
4914
4915
4915
4918
4918
4918
4918
4920
4920
4921
4921
4923
4923
4928
4928
4929
4929
4932
4932
4932
4932
4933
4933
4934
4934
4935
4935
4936
4936
4937
4937
4943
4943
4944
4944
4945
4945
4945
4945
4946
4946
4947
4947
4947
4947
4948
4948
4950
4950
4953
4953
4958
4958
4961
4961
4961
4961
4964
4964
4965
4965
4971
4971
4973
4973
4974
4974
4976
4976
4977
4977
4978
4978
4980
4980
4981
4981
4985
4985
4985
4985
4993
4993
4993
4993
4994
4994
4995
4995
4995
4995
4996
4996
4998
4998
4998
4998
